acc = 0.8887614678899083
eval_avg_entropy = 1.0512989
