acc = 0.5435779816513762
eval_avg_entropy = 1.949758
