acc = 0.8463302752293578
eval_avg_entropy = 1.2008609
