acc = 0.6720183486238532
eval_avg_entropy = 1.7389754
