acc = 0.9128440366972477
eval_avg_entropy = 1.0141972
