acc = 0.8830275229357798
eval_avg_entropy = 1.0471547
