acc = 0.4036697247706422
eval_avg_entropy = 1.9860609
