acc = 0.7190366972477065
eval_avg_entropy = 1.7654291
