acc = 0.5217889908256881
eval_avg_entropy = 1.8055073
