acc = 0.7958715596330275
eval_avg_entropy = 1.2105826
