acc = 0.8532110091743119
eval_avg_entropy = 1.1633749
