acc = 0.8142201834862385
eval_avg_entropy = 1.091182
