acc = 0.8784403669724771
eval_avg_entropy = 1.2160081
