acc = 0.5596330275229358
eval_avg_entropy = 1.6855633
