acc = 0.518348623853211
eval_avg_entropy = 1.9480175
