acc = 0.8795871559633027
eval_avg_entropy = 1.0839666
