acc = 0.8188073394495413
eval_avg_entropy = 1.1418115
