acc = 0.84837845238
eval_avg_entropy = 1.0942378
