acc = 0.9138920780711826
eval_avg_entropy = 1.0522126
