acc = 0.801605504587156
eval_avg_entropy = 1.2747812
