acc = 0.886995467586809
eval_avg_entropy = 1.0291435
