acc = 0.9139908256880734
eval_avg_entropy = 1.0664529
