acc = 0.9025229357798165
eval_avg_entropy = 1.0252964
