acc = 0.8245412844036697
eval_avg_entropy = 1.125957
