acc = 0.7924311926605505
eval_avg_entropy = 1.197502
