acc = 0.8302752293577982
eval_avg_entropy = 1.0832821
