acc = 0.7568807339449541
eval_avg_entropy = 1.3409953
