acc = 0.7884050603047957
eval_avg_entropy = 1.7884764
