acc = 0.786697247706422
eval_avg_entropy = 1.7845032
