acc = 0.8394495412844036
eval_avg_entropy = 1.2534325
