acc = 0.8474770642201835
eval_avg_entropy = 1.0194364
