acc = 0.8910550458715596
eval_avg_entropy = 1.0973136
