acc = 0.9048165137614679
eval_avg_entropy = 1.0367767
