acc = 0.8899082568807339
eval_avg_entropy = 1.0282321
