acc = 0.8428899082568807
eval_avg_entropy = 1.0632147
