acc = 0.8509174311926605
eval_avg_entropy = 1.1575197
