acc = 0.8612385321100917
eval_avg_entropy = 1.1188726
