acc = 0.8268348623853211
eval_avg_entropy = 1.0527618
