acc = 0.8082663605051664
eval_avg_entropy = 1.3788877
