acc = 0.856651376146789
eval_avg_entropy = 1.1234134
