acc = 0.9174311926605505
eval_avg_entropy = 1.0155494
