acc = 0.9035591274397244
eval_avg_entropy = 1.0346978
