acc = 0.8211009174311926
eval_avg_entropy = 1.2626381
