acc = 0.8279816513761468
eval_avg_entropy = 1.3887812
