acc = 0.7408256880733946
eval_avg_entropy = 1.7156363
