acc = 0.8876146788990825
eval_avg_entropy = 1.0416158
