acc = 0.8979357798165137
eval_avg_entropy = 1.0420272
