acc = 0.8967889908256881
eval_avg_entropy = 1.0602318
