acc = 0.5091743119266054
eval_avg_entropy = 1.9728956
