acc = 0.886337543053961
eval_avg_entropy = 1.0481857
