acc = 0.7247706422018348
eval_avg_entropy = 1.981585
