acc = 0.8440366972477065
eval_avg_entropy = 1.199071
