acc = 0.8107798165137615
eval_avg_entropy = 1.2501584
