acc = 0.8360091743119266
eval_avg_entropy = 1.0450708
