acc = 0.8314220183486238
eval_avg_entropy = 1.0863116
