acc = 0.9024110218140069
eval_avg_entropy = 1.0240628
