acc = 0.8553386911595867
eval_avg_entropy = 1.1774955
