acc = 0.881883459802
eval_avg_entropy = 1.01827234
