acc = 0.8944954128440367
eval_avg_entropy = 1.0677333
