acc = 0.8405963302752294
eval_avg_entropy = 1.062909
