acc = 0.8004587155963303
eval_avg_entropy = 1.4151331
