acc = 0.823394495412844
eval_avg_entropy = 1.0404938
