acc = 0.8256880733944955
eval_avg_entropy = 1.0404062
