acc = 0.8658256880733946
eval_avg_entropy = 1.0533304
