acc = 0.7706422018348624
eval_avg_entropy = 1.6194133
