acc = 0.87219845314
eval_avg_entropy = 1.0596391
