acc = 0.8600917431192661
eval_avg_entropy = 1.0137804
