acc = 0.8038990825688074
eval_avg_entropy = 1.5283318
