acc = 0.9002293577981652
eval_avg_entropy = 1.0081693
