acc = 0.7614678899082569
eval_avg_entropy = 1.845185
