acc = 0.8907338991910155
eval_avg_entropy = 1.0990302
