acc = 0.8772935779816514
eval_avg_entropy = 1.0450056
