acc = 0.8956422018348624
eval_avg_entropy = 1.0562636
