acc = 0.6857798165137615
eval_avg_entropy = 1.5124788
