acc = 0.8061926605504587
eval_avg_entropy = 1.4245738
