acc = 0.8222477064220184
eval_avg_entropy = 1.2040973
