acc = 0.8577981651376146
eval_avg_entropy = 1.1105014
