acc = 0.8291284403669725
eval_avg_entropy = 1.0359572
