acc = 0.7935779816513762
eval_avg_entropy = 1.2652557
