acc = 0.8874856486796785
eval_avg_entropy = 1.1446164
