acc = 0.9105504587155964
eval_avg_entropy = 1.0171292
