acc = 0.893348623853211
eval_avg_entropy = 1.028775
