acc = 0.8864678899082569
eval_avg_entropy = 1.0703108
