acc = 0.6903669724770642
eval_avg_entropy = 1.949642
