acc = 0.8073394495412844
eval_avg_entropy = 1.24814
