acc = 0.8623853211009175
eval_avg_entropy = 1.0689927
