acc = 0.8130733944954128
eval_avg_entropy = 1.0777259
