acc = 0.9059633027522935
eval_avg_entropy = 1.0451195
