acc = 0.8761467889908257
eval_avg_entropy = 1.0181669
