acc = 0.9094036697247706
eval_avg_entropy = 1.0430573
