acc = 0.8153669724770642
eval_avg_entropy = 1.0657797
