acc = 0.8990825688073395
eval_avg_entropy = 1.032151
