acc = 0.49311926605504586
eval_avg_entropy = 1.9976332
