acc = 0.911697247706422
eval_avg_entropy = 1.100943
