acc = 0.9185779816513762
eval_avg_entropy = 1.0220987
