acc = 0.5481651376146789
eval_avg_entropy = 1.865617
