acc = 0.87189345873
eval_avg_entropy = 1.0596391
