acc = 0.7431192660550459
eval_avg_entropy = 1.9454623
