acc = 0.4919724770642202
eval_avg_entropy = 1.9189603
