acc = 0.9013761467889908
eval_avg_entropy = 1.0694276
