acc = 0.9071100917431193
eval_avg_entropy = 1.0339488
