acc = 0.8325688073394495
eval_avg_entropy = 1.1619297
