acc = 0.8451834862385321
eval_avg_entropy = 1.2306845
