acc = 0.838302752293578
eval_avg_entropy = 1.2370288
