acc = 0.85103487542
eval_avg_entropy = 1.0944234
