acc = 0.7293577981651376
eval_avg_entropy = 1.8272481
