acc = 0.88223498187959
eval_avg_entropy = 1.078423
