acc = 0.9147085412171121
eval_avg_entropy = 1.0252182
