acc = 0.5103211009174312
eval_avg_entropy = 1.9355553
