acc = 0.7993119266055045
eval_avg_entropy = 1.1479166
