acc = 0.88082397473
eval_avg_entropy = 1.01927453
