acc = 0.8727064220183486
eval_avg_entropy = 1.2422892
