acc = 0.7224770642201835
eval_avg_entropy = 1.9078269
