acc = 0.87988073452893
eval_avg_entropy = 1.069527
