acc = 0.8926373073796108
eval_avg_entropy = 1.0696404
