acc = 0.8922018348623854
eval_avg_entropy = 1.0700989
