acc = 0.8760045924225028
eval_avg_entropy = 1.100066
