acc = 0.49138920780711826
eval_avg_entropy = 1.9917433
