acc = 0.8704128440366973
eval_avg_entropy = 1.0593976
