acc = 0.5149082568807339
eval_avg_entropy = 1.9999835
