acc = 0.8807339449541285
eval_avg_entropy = 1.044204
