acc = 0.8486238532110092
eval_avg_entropy = 1.0552475
