acc = 0.5086107921928817
eval_avg_entropy = 1.9863352
