acc = 0.5229357798165137
eval_avg_entropy = 1.6950686
