acc = 0.9036697247706422
eval_avg_entropy = 1.0825509
