acc = 0.8818807339449541
eval_avg_entropy = 1.0626574
