acc = 0.8692660550458715
eval_avg_entropy = 1.0526462
