acc = 0.7362385321100917
eval_avg_entropy = 1.9534858
