acc = 0.841743119266055
eval_avg_entropy = 1.1584513
