acc = 0.7786697247706422
eval_avg_entropy = 1.4197022
