acc = 0.908256880733945
eval_avg_entropy = 1.1121616
