acc = 0.7970183486238532
eval_avg_entropy = 1.2732707
