acc = 0.9162844036697247
eval_avg_entropy = 1.1097559
