acc = 0.8669724770642202
eval_avg_entropy = 1.063151
