acc = 0.6422018348623854
eval_avg_entropy = 1.1728272
