acc = 0.8337155963302753
eval_avg_entropy = 1.0416402
