acc = 0.8738532110091743
eval_avg_entropy = 1.0710003
