acc = 0.8436135572457959
eval_avg_entropy = 1.196642
