acc = 0.8715596330275229
eval_avg_entropy = 1.0470666
