acc = 0.8853211009174312
eval_avg_entropy = 1.048681
