acc = 0.8841743119266054
eval_avg_entropy = 1.0747434
