acc = 0.4908256880733945
eval_avg_entropy = 1.9694664
