acc = 0.8497706422018348
eval_avg_entropy = 1.2887609
