acc = 0.8084862385321101
eval_avg_entropy = 1.2802173
