acc = 0.8798807339449541
eval_avg_entropy = 1.0192227
