acc = 0.7324769140466285
eval_avg_entropy = 1.9493110
