acc = 0.8952075986195487
eval_avg_entropy = 1.0338314
