acc = 0.7981651376146789
eval_avg_entropy = 1.2923417
