acc = 0.7827413625498347
eval_avg_entropy = 1.6370392
