acc = 0.9151376146788991
eval_avg_entropy = 1.033409
