acc = 0.8555045871559633
eval_avg_entropy = 1.2419276
