acc = 0.8119266055045872
eval_avg_entropy = 1.4210467
