acc = 0.8920780711825488
eval_avg_entropy = 1.055539
