acc = 0.8096330275229358
eval_avg_entropy = 1.4351175
