acc = 0.8731235154
eval_avg_entropy = 1.0596391
