acc = 0.4151376146788991
eval_avg_entropy = 1.9742352
