acc = 0.8635321100917431
eval_avg_entropy = 1.1143281
