acc = 0.8646788990825688
eval_avg_entropy = 1.0663133
