acc = 0.893348623853211
eval_avg_entropy = 1.0334303
