acc = 0.8520604523021493
eval_avg_entropy = 1.2133063
