acc = 0.5676605504587156
eval_avg_entropy = 1.221017
