acc = 0.5206422018348624
eval_avg_entropy = 1.9663707
