acc = 0.6353211009174312
eval_avg_entropy = 1.8714876
