acc = 0.8520642201834863
eval_avg_entropy = 1.0622139
