acc = 0.8543577981651376
eval_avg_entropy = 1.0232188
