acc = 0.8036739380022963
eval_avg_entropy = 1.345821
