acc = 0.8589449541284404
eval_avg_entropy = 1.0602839
