acc = 0.7237061478945732
eval_avg_entropy = 1.8347702
