acc = 0.9161882893226176
eval_avg_entropy = 1.0725266
