acc = 0.819954128440367
eval_avg_entropy = 1.0446345
