acc = 0.8681192660550459
eval_avg_entropy = 1.1029134
