acc = 0.9126248646250771
eval_avg_entropy = 1.026744
