acc = 0.8165137614678899
eval_avg_entropy = 1.2762904
